-0.06993545
0.1051629
0.2703015
-0.4275702
0.2099783
-0.388932
-0.4567999
0.471689
0.4661897
-0.1721781
0.4255531
0.3741184
-0.3037132
0.2964585
-0.2765472
0.1693546
0.1136585
0.2426728
0.3829452
0.01042041
-0.243248
0.3211909
0.01840834
0.1224202
-0.3374717
-0.3547314
-0.5362143
-0.4875607
-0.2389537
0.2009462
-0.1528854
0.05304316
-0.467913
-0.09122588
-0.6988968
0.2638616
0.278662
0.3178519
-0.06153773
0.1532163
0.4888435
0.1540436
0.1070399
-0.3248337
0.3027482
0.1280556
0.2665868
-0.4943916
0.1771533
0.151121
-0.2526552
-0.09302755
-0.4145165
-0.3354664
-0.4096357
-0.1675875
-0.4145213
-0.2693011
-0.2065529
0.2400198
0.2072114
0.4372867
-0.2395539
0.1565328
0.3723626
0.4601311
-0.3503174
-0.06070835
-0.03422726
0.3329095
-0.1548731
-0.3257493
0.4225338
-0.1836855
-0.4452699
-0.04224364
0.3423439
-0.2580476
-0.4870574
0.1808109
0.2898787
-0.3032281
-0.3622187
0.08466575
0.2170377
0.1532795
-0.485771
0.3757727
-0.349333
0.1853884
-0.1431443
-0.09926578
0.02597087
-0.1869973
-0.104977
-0.1516801
0.1072081
-0.3142153
-0.1227129
0.05684596
-0.387758
-0.4024471
-0.3683995
-0.0194935
-0.369507
-0.02371887
0.04038337
-0.472289
-0.4512699
-0.1861001
-0.05862828
-0.02632442
-0.4858265
0.4536279
-0.224747
0.1706167
-0.2397592
-0.4071711
-0.4295873
0.1621219
0.3661245
-0.2048552
-0.3333349
-0.0710879
-0.05441502
0.4389356
0.2851909
0.1941517
0.1196483
-0.3937725
0.4342381
0.3454364
-0.2788212
-0.07197265
-0.2184801
-0.2157799
-0.2628087
0.4799512
0.05225241
0.2607066
0.2931374
-0.2386143
0.4140447
-0.105346
0.3457287
0.03538387
0.3077526
0.3607848
0.2267299
0.09646564
0.3062605
0.08726531
0.421129
0.08003694
-0.1704577
-0.452832
-0.4232255
0.303921
0.4174262
-0.1282417
-0.3571377
0.02946881
0.1304086
0.4087012
0.4826487
0.1665164
-0.394345
0.1000579
-0.1129876
-0.3806431
-0.217229
0.1001358
-0.1571653
0.2880666
0.032386
0.1059329
0.2411873
0.2389647
-0.3556376
-0.1450145
-0.01348668
-0.1331613
-0.34982
-0.4613106
-0.1098157
0.3294685
-0.4964448
-0.3602969
-0.09368371
0.4080963
-0.232451
-0.3252262
-0.1640947
0.04389973
-0.4076631
-0.08466769
0.4297971
-0.5168661
0.4710472
0.05180762
0.3162226
-0.07057744
-0.5091414
0.4211084
0.1901194
-0.4497854
-0.3646983
0.2031733
-0.3920687
-0.141794
0.1852348
-0.08509348
0.4591714
-0.04856175
0.2249847
-0.2707084
0.09302435
-0.3905227
-0.1413927
0.3231012
-0.401652
0.1115973
-0.2437925
0.03034241
-0.1533668
-0.1393828
0.1611549
-0.2739143
0.2189181
-0.1670413
0.2144407
0.4198189
0.05330267
-0.3847051
-0.3875329
0.1081879
-0.3872502
0.1668633
-0.4541098
-0.4539184
-0.07372082
0.4862458
0.3576747
-0.2395706
-0.3203746
-0.3365122
-0.1069629
-0.1202889
0.0161492
0.3320943
-0.4306645
0.2566041
0.3073943
0.06020672
0.3620662
0.4609242
0.3674418
0.0008865867
-0.1726027
0.188692
-0.3394647
-0.4343697
0.3059254
0.4742518
-0.3174869
0.01056622
0.3632202
-0.3822232
-0.4248976
0.2252785
0.08718251
0.3631154
0.1898074
-0.1600698
-0.3934586
-0.09111705
0.3253921
-0.3500649
-0.1931526
-0.3093481
-0.3645711
-0.4223364
-0.03636408
-0.1565096
-0.2412225
-0.3743533
0.1408716
0.2757559
0.3202024
-0.2990858
-0.09522814
-0.1304424
-0.4290761
-0.1238509
0.0239012
-0.4817756
-0.2421203
-0.4600987
-0.3076595
0.08769145
0.4991021
-0.4251635
0.08766117
-0.1088271
0.1337246
0.4073127
-0.1425645
0.3185372
-0.08668751
-0.1113216
-0.1556038
-0.2223147
0.3452051
-0.467465
-0.4848563
0.1115547
-0.4674568
-0.4409468
-0.2528525
-0.09913768
0.0967459
-0.4277015
0.4629388
-0.4003182
-0.1944365
0.2900375
-0.4693018
-0.1106733
-0.1026388
-0.4939769
-0.4161228
0.1944839
0.1937892
-0.2092188
-0.01095628
-0.05833611
-0.5647118
-0.2283034
0.1395812
-0.3072981
0.4318188
-0.2369379
-0.4145225
0.2284102
0.2375231
0.4049904
-0.1604797
-0.2919947
-0.3388199
-0.09686068
0.3753916
-0.1691802
-0.2537045
0.3836439
0.06322765
0.2070848
0.4026095
0.1371536
-0.05916223
0.4807427
0.3231747
0.1596301
0.1378597
-0.1215445
0.3233456
0.2067067
0.3258185
-0.4653023
0.1426164
-0.0121617
0.4692587
0.5141034
0.2894462
-0.06635914
0.1666018
-0.09693018
-0.440819
-0.1701249
-0.02733481
-0.2113101
0.33231
-0.3021953
-0.1011485
-0.1378932
-0.5005418
-0.1521717
0.4285717
0.1510009
0.04210657
-0.3840874
0.3857886
-0.4338446
-0.4824224
0.4486475
-0.1001482
0.025477
0.1336393
0.3769515
-0.3629973
0.366113
-0.04649024
-0.2998775
0.003140453
0.01873287
0.265384
0.2200296
0.1668354
0.1928411
-0.3233093
-0.1393968
-0.2863217
-0.2097696
0.2871078
-0.0131434
-0.4743549
0.1844984
0.01188775
0.01139197
-0.2915745
0.09742966
0.2623484
0.1399856
-1.206647
0.1738401
-0.4626174
1.11409
-0.653286
-1.991616
1.140143
0.6184348
-0.05076149
0.7024201
0.5225583
-1.799054
-0.4598159
0.2177033
-0.6720924
-0.05604086
0.3525123
-0.1626675
0.4808022
-0.02693792
-0.3559112
0.527827
-0.1162104
-0.05940236
-0.1394652
-0.7071247
-0.5654363
0.449263
0.5342839
0.1664941
0.4366514
0.3969982
-0.08759694
0.6827097
-0.6848907
-0.02109722
0.3084666
-1.136799
0.3099654
0.3373256
-0.1983958
-0.02377637
-0.3108087
-0.3037695
-0.2312816
0.2652556
-0.6492242
-0.1923545
-0.2028076
0.3829916
-0.8090299
-0.1954293
0.3071846
-0.5548112
0.3584951
-0.5059525
-0.1015068
-0.3431104
0.214703
0.3315609
0.5136214
-0.5464957
0.4503342
-0.2149478
-0.1685251
-0.6087089
-0.3815747
-0.03693334
0.233815
-0.1171418
-0.1561401
-0.05561626
0.06193554
-0.1253333
-0.5176302
-0.07431023
0.6463234
-0.692955
-0.3279111
0.1421665
-1.500526
0.4265708
-0.8749042
0.8467194
0.2381844
